46.0 14.0 1
34.0 17.0 1
32.0 47.0 2
32.0 16.0 1
43.0 34.0 2
43.0 4.0 1
29.0 25.0 1
24.0 37.0 2
17.0 24.0 1
23.0 39.0 2
31.0 33.0 2
34.0 14.0 1
15.0 21.0 1
34.0 34.0 2
39.0 25.0 2
31.0 15.0 1
25.0 21.0 1
25.0 19.0 1
33.0 16.0 1
33.0 9.0 1
35.0 21.0 1
38.0 26.0 2
15.0 19.0 1
30.0 25.0 1
23.0 16.0 1
33.0 34.0 2
34.0 7.0 1
33.0 46.0 2
45.0 29.0 2
36.0 4.0 1
34.0 18.0 1
25.0 35.0 2
37.0 34.0 2
15.0 18.0 1
20.0 15.0 1
20.0 25.0 1
33.0 46.0 2
47.0 8.0 1
27.0 34.0 2
47.0 12.0 1
22.0 25.0 1
39.0 25.0 2
34.0 22.0 1
46.0 14.0 1
28.0 24.0 1
35.0 45.0 2
24.0 36.0 2
24.0 36.0 2
25.0 19.0 1
15.0 20.0 1
45.0 32.0 2
40.0 25.0 2
37.0 38.0 2
34.0 14.0 1
44.0 33.0 2
20.0 15.0 1
41.0 35.0 2
35.0 28.0 2
24.0 17.0 1
28.0 15.0 1
31.0 15.0 1
36.0 4.0 1
31.0 15.0 1
23.0 24.0 1
38.0 34.0 2
29.0 47.0 2
27.0 16.0 1
47.0 10.0 1
45.0 31.0 2
29.0 25.0 1
47.0 10.0 1
35.0 19.0 1
19.0 25.0 1
40.0 25.0 2
30.0 33.0 2
30.0 25.0 1
39.0 3.0 1
18.0 25.0 1
27.0 34.0 2
44.0 32.0 2
37.0 16.0 1
20.0 15.0 1
38.0 25.0 2
45.0 30.0 2
36.0 27.0 2
46.0 13.0 1
27.0 16.0 1
33.0 9.0 1
23.0 40.0 2
22.0 16.0 1
36.0 37.0 2
24.0 17.0 1
36.0 33.0 2
15.0 20.0 1
26.0 46.0 2
40.0 3.0 1
44.0 33.0 2
21.0 25.0 1
43.0 16.0 1
39.0 17.0 1
