7.54 3.18 1
0.84 9.36 2
7.36 2.12 1
10.05 10.83 3
7.3 2.73 1
2.28 1.17 4
10.93 11.56 3
0.69 3.08 4
2.42 1.05 4
0.79 9.79 2
2.95 0.21 4
7.35 3.58 1
0.53 2.13 4
3.3 0.68 4
11.43 10.2 3
0.15 8.57 2
0.96 8.15 2
7.95 2.59 1
2.58 0.38 4
0.07 2.95 4
6.39 2.94 1
7.52 2.22 1
0.92 9.84 2
1.77 3.8 4
10.22 11.61 3
2.32 0.95 4
6.73 2.89 1
0.26 2.94 4
0.8 2.04 4
1.79 8.45 2
1.52 3.72 4
2.71 0.13 4
1.29 8.97 2
0.78 2.94 4
3.94 0.37 4
7.28 3.02 1
11.5 10.01 3
6.15 3.65 1
0.16 9.42 2
2.14 0.08 4
1.62 2.01 4
0.45 9.83 2
0.87 9.19 2
3.11 0.34 4
3.87 0.03 4
10.34 11.64 3
10.9 11.18 3
7.95 3.48 1
3.34 0.61 4
1.66 8.7 2
0.72 2.66 4
0.77 9.64 2
3.23 0.78 4
0.99 8.09 2
2.94 1.97 4
0.09 3.34 4
7.8 2.79 1
2.47 0.06 4
1.25 2.86 4
11.63 11.7 3
10.91 11.81 3
10.74 10.18 3
3.15 1.62 4
6.86 2.89 1
0.31 9.2 2
2.67 0.24 4
0.32 3.51 4
10.08 10.21 3
1.46 2.1 4
1.31 3.06 4
0.86 8.47 2
1.84 3.37 4
6.22 3.87 1
10.49 11.19 3
3.08 1.97 4
6.66 3.63 1
11.19 11.12 3
7.14 3.66 1
0.24 8.14 2
10.94 11.09 3
0.52 3.92 4
11.8 11.86 3
10.63 10.36 3
11.56 10.35 3
6.67 2.67 1
3.46 1.33 4
11.17 11.08 3
1.7 8.96 2
1.1 9.8 2
10.53 11.91 3
7.66 2.25 1
0.6 3.52 4
10.05 11.23 3
7.81 2.14 1
0.44 9.86 2
1.28 9.07 2
0.51 2.84 4
2.92 0.22 4
7.25 2.01 1
0.46 3.36 4
