 34.0000  17.0000 1
 32.0000  16.0000 1
 29.0000  25.0000 1
 17.0000  24.0000 1
 15.0000  21.0000 1
 31.0000  15.0000 1
 25.0000  21.0000 1
 25.0000  19.0000 1
 33.0000  16.0000 1
 35.0000  21.0000 1
 15.0000  19.0000 1
 30.0000  25.0000 1
 23.0000  16.0000 1
 34.0000  18.0000 1
 15.0000  18.0000 1
 20.0000  15.0000 1
 20.0000  25.0000 1
 22.0000  25.0000 1
 34.0000  22.0000 1
 28.0000  24.0000 1
 25.0000  19.0000 1
 15.0000  20.0000 1
 20.0000  15.0000 1
 24.0000  17.0000 1
 28.0000  15.0000 1
 31.0000  15.0000 1
 31.0000  15.0000 1
 23.0000  24.0000 1
 27.0000  16.0000 1
 29.0000  25.0000 1
 35.0000  19.0000 1
 19.0000  25.0000 1
 30.0000  25.0000 1
 18.0000  25.0000 1
 20.0000  15.0000 1
 27.0000  16.0000 1
 22.0000  16.0000 1
 24.0000  17.0000 1
 15.0000  20.0000 1
 21.0000  25.0000 1
 32.0000  47.0000 2
 43.0000  34.0000 2
 24.0000  37.0000 2
 23.0000  39.0000 2
 31.0000  33.0000 2
 34.0000  34.0000 2
 39.0000  25.0000 2
 38.0000  26.0000 2
 33.0000  34.0000 2
 33.0000  46.0000 2
 45.0000  29.0000 2
 25.0000  35.0000 2
 37.0000  34.0000 2
 33.0000  46.0000 2
 27.0000  34.0000 2
 39.0000  25.0000 2
 35.0000  45.0000 2
 24.0000  36.0000 2
 24.0000  36.0000 2
 45.0000  32.0000 2
 40.0000  25.0000 2
 37.0000  38.0000 2
 44.0000  33.0000 2
 41.0000  35.0000 2
 35.0000  28.0000 2
 38.0000  34.0000 2
 29.0000  47.0000 2
 45.0000  31.0000 2
 40.0000  25.0000 2
 30.0000  33.0000 2
 27.0000  34.0000 2
 44.0000  32.0000 2
 38.0000  25.0000 2
 45.0000  30.0000 2
 36.0000  27.0000 2
 23.0000  40.0000 2
 36.0000  37.0000 2
 36.0000  33.0000 2
 26.0000  46.0000 2
 44.0000  33.0000 2
 46.0000  14.0000 3
 43.0000   4.0000 3
 34.0000  14.0000 3
 33.0000   9.0000 3
 34.0000   7.0000 3
 36.0000   4.0000 3
 47.0000   8.0000 3
 47.0000  12.0000 3
 46.0000  14.0000 3
 34.0000  14.0000 3
 36.0000   4.0000 3
 47.0000  10.0000 3
 47.0000  10.0000 3
 39.0000   3.0000 3
 37.0000  16.0000 3
 46.0000  13.0000 3
 33.0000   9.0000 3
 40.0000   3.0000 3
 43.0000  16.0000 3
 39.0000  17.0000 3
