 17.0000  24.0000 1
 15.0000  21.0000 1
 15.0000  19.0000 1
 15.0000  18.0000 1
 20.0000  25.0000 1
 22.0000  25.0000 1
 15.0000  20.0000 1
 23.0000  24.0000 1
 19.0000  25.0000 1
 18.0000  25.0000 1
 15.0000  20.0000 1
 21.0000  25.0000 1
 31.0000  33.0000 2
 34.0000  34.0000 2
 33.0000  34.0000 2
 37.0000  34.0000 2
 37.0000  38.0000 2
 38.0000  34.0000 2
 30.0000  33.0000 2
 36.0000  37.0000 2
 36.0000  33.0000 2
 24.0000  37.0000 3
 23.0000  39.0000 3
 25.0000  35.0000 3
 27.0000  34.0000 3
 24.0000  36.0000 3
 24.0000  36.0000 3
 27.0000  34.0000 3
 23.0000  40.0000 3
 32.0000  47.0000 4
 33.0000  46.0000 4
 33.0000  46.0000 4
 35.0000  45.0000 4
 25.0000  21.0000 5
 25.0000  19.0000 5
 23.0000  16.0000 5
 20.0000  15.0000 5
 25.0000  19.0000 5
 20.0000  15.0000 5
 24.0000  17.0000 5
 28.0000  15.0000 5
 27.0000  16.0000 5
 20.0000  15.0000 5
 27.0000  16.0000 5
 22.0000  16.0000 5
 24.0000  17.0000 5
 34.0000  17.0000 6
 32.0000  16.0000 6
 34.0000  14.0000 6
 31.0000  15.0000 6
 33.0000  16.0000 6
 33.0000   9.0000 6
 34.0000   7.0000 6
 36.0000   4.0000 6
 34.0000  18.0000 6
 34.0000  14.0000 6
 31.0000  15.0000 6
 36.0000   4.0000 6
 31.0000  15.0000 6
 37.0000  16.0000 6
 33.0000   9.0000 6
 39.0000  17.0000 6
 29.0000  47.0000 7
 26.0000  46.0000 7
 29.0000  25.0000 8
 39.0000  25.0000 8
 35.0000  21.0000 8
 38.0000  26.0000 8
 30.0000  25.0000 8
 39.0000  25.0000 8
 34.0000  22.0000 8
 28.0000  24.0000 8
 40.0000  25.0000 8
 35.0000  28.0000 8
 29.0000  25.0000 8
 35.0000  19.0000 8
 40.0000  25.0000 8
 30.0000  25.0000 8
 38.0000  25.0000 8
 36.0000  27.0000 8
 43.0000  34.0000 9
 45.0000  29.0000 9
 45.0000  32.0000 9
 44.0000  33.0000 9
 41.0000  35.0000 9
 45.0000  31.0000 9
 44.0000  32.0000 9
 45.0000  30.0000 9
 44.0000  33.0000 9
 46.0000  14.0000 10
 43.0000   4.0000 10
 47.0000   8.0000 10
 47.0000  12.0000 10
 46.0000  14.0000 10
 47.0000  10.0000 10
 47.0000  10.0000 10
 39.0000   3.0000 10
 46.0000  13.0000 10
 40.0000   3.0000 10
 43.0000  16.0000 10
