29.000 25.000 1
17.000 24.000 1
15.000 21.000 1
25.000 21.000 1
25.000 19.000 1
15.000 19.000 1
30.000 25.000 1
23.000 16.000 1
15.000 18.000 1
20.000 15.000 1
20.000 25.000 1
22.000 25.000 1
28.000 24.000 1
25.000 19.000 1
15.000 20.000 1
20.000 15.000 1
24.000 17.000 1
28.000 15.000 1
23.000 24.000 1
27.000 16.000 1
29.000 25.000 1
19.000 25.000 1
30.000 25.000 1
18.000 25.000 1
20.000 15.000 1
27.000 16.000 1
22.000 16.000 1
24.000 17.000 1
15.000 20.000 1
21.000 25.000 1
43.000 34.000 2
34.000 34.000 2
39.000 25.000 2
38.000 26.000 2
33.000 34.000 2
45.000 29.000 2
37.000 34.000 2
39.000 25.000 2
34.000 22.000 2
45.000 32.000 2
40.000 25.000 2
37.000 38.000 2
44.000 33.000 2
41.000 35.000 2
35.000 28.000 2
38.000 34.000 2
45.000 31.000 2
40.000 25.000 2
44.000 32.000 2
38.000 25.000 2
45.000 30.000 2
36.000 27.000 2
36.000 37.000 2
36.000 33.000 2
44.000 33.000 2
24.000 37.000 3
23.000 39.000 3
31.000 33.000 3
25.000 35.000 3
27.000 34.000 3
24.000 36.000 3
24.000 36.000 3
30.000 33.000 3
27.000 34.000 3
23.000 40.000 3
32.000 47.000 4
33.000 46.000 4
33.000 46.000 4
35.000 45.000 4
29.000 47.000 4
26.000 46.000 4
46.000 14.000 5
34.000 17.000 5
32.000 16.000 5
43.000 4.000  5
34.000 14.000 5
31.000 15.000 5
33.000 16.000 5
33.000 9.000  5
35.000 21.000 5
34.000 7.000  5
36.000 4.000  5
34.000 18.000 5
47.000 8.000  5
47.000 12.000 5
46.000 14.000 5
34.000 14.000 5
31.000 15.000 5
36.000 4.000  5
31.000 15.000 5
47.000 10.000 5
47.000 10.000 5
35.000 19.000 5
39.000 3.000  5
37.000 16.000 5
46.000 13.000 5
33.000 9.000  5
40.000 3.000  5
43.000 16.000 5
39.000 17.000 5
