0.500  0.875  0.515  1
0.388  0.813  0.828  1
0.500  0.725  0.693  1
0.425  0.775  0.805  1
0.463  0.713  0.543  1
0.463  0.650  0.570  1
0.450  0.750  0.558  1
0.438  0.850  0.615  1
0.475  0.638  0.718  1
0.488  0.788  0.575  1
0.450  0.813  0.770  1
0.375  0.688  0.575  1
0.463  0.663  0.725  1
0.413  0.813  0.873  1
0.488  0.738  0.605  1
0.413  0.638  0.840  1
0.413  0.663  0.600  1
0.475  0.750  0.810  1
0.475  0.775  0.693  1
0.488  0.750  0.650  1
0.413  0.688  0.858  1
0.450  0.625  0.738  1
0.388  0.813  0.540  1
0.463  0.763  0.620  1
0.475  0.725  0.705  1
0.425  0.638  0.818  1
0.500  0.863  0.843  1
0.463  0.863  0.818  1
0.488  0.700  0.543  1
0.375  0.725  0.730  1
0.463  0.813  0.535  1
0.400  0.825  0.575  1
0.450  0.838  0.810  1
0.625  0.125  0.283  2
0.713  0.075  0.373  2
0.638  0.038  0.305  2
0.650  0.075  0.275  2
0.738  0.125  0.360  2
0.800  0.113  0.363  2
0.875  0.050  0.323  2
0.838  0.025  0.353  2
0.788  0.025  0.318  2
0.700  0.075  0.353  2
0.663  0.100  0.288  2
0.738  0.125  0.350  2
0.713  0.013  0.360  2
0.875  0.013  0.318  2
0.725  0.038  0.340  2
0.850  0.000  0.343  2
0.663  0.088  0.310  2
0.825  0.050  0.308  2
0.850  0.000  0.333  2
0.625  0.025  0.355  2
0.800  0.025  0.265  2
0.875  0.075  0.313  2
0.638  0.113  0.328  2
0.675  0.125  0.335  2
0.813  0.088  0.288  2
0.725  0.113  0.258  2
0.763  0.050  0.258  2
0.688  0.075  0.358  2
0.725  0.038  0.350  2
0.675  0.063  0.253  2
0.788  0.125  0.330  2
0.738  0.100  0.328  2
0.700  0.088  0.350  2
0.663  0.038  0.375  2
0.150  0.375  0.105  3
0.200  0.263  0.040  3
0.088  0.350  0.003  3
0.038  0.375  0.043  3
0.225  0.350  0.055  3
0.050  0.388  0.113  3
0.050  0.375  0.070  3
0.125  0.350  0.008  3
0.038  0.463  0.105  3
0.113  0.488  0.070  3
0.038  0.400  0.065  3
0.063  0.425  0.083  3
0.238  0.475  0.025  3
0.050  0.463  0.020  3
0.200  0.350  0.048  3
0.063  0.288  0.020  3
0.088  0.450  0.090  3
0.063  0.500  0.075  3
0.200  0.413  0.098  3
0.188  0.250  0.040  3
0.138  0.263  0.058  3
0.138  0.438  0.058  3
0.100  0.350  0.053  3
0.013  0.400  0.068  3
0.050  0.363  0.098  3
0.025  0.300  0.080  3
0.088  0.438  0.068  3
0.075  0.300  0.078  3
0.225  0.313  0.098  3
0.050  0.250  0.053  3
0.075  0.250  0.118  3
0.050  0.275  0.020  3
0.213  0.350  0.073  3
