 46.0000  14.0000 0
 34.0000  17.0000 0
 32.0000  16.0000 0
 43.0000   4.0000 0
 29.0000  25.0000 0
 17.0000  24.0000 0
 34.0000  14.0000 0
 15.0000  21.0000 0
 31.0000  15.0000 0
 25.0000  21.0000 0
 25.0000  19.0000 0
 33.0000  16.0000 0
 33.0000   9.0000 0
 35.0000  21.0000 0
 15.0000  19.0000 0
 30.0000  25.0000 0
 23.0000  16.0000 0
 34.0000   7.0000 0
 36.0000   4.0000 0
 34.0000  18.0000 0
 15.0000  18.0000 0
 20.0000  15.0000 0
 20.0000  25.0000 0
 47.0000   8.0000 0
 47.0000  12.0000 0
 22.0000  25.0000 0
 34.0000  22.0000 0
 46.0000  14.0000 0
 28.0000  24.0000 0
 25.0000  19.0000 0
 15.0000  20.0000 0
 34.0000  14.0000 0
 20.0000  15.0000 0
 24.0000  17.0000 0
 28.0000  15.0000 0
 31.0000  15.0000 0
 36.0000   4.0000 0
 31.0000  15.0000 0
 23.0000  24.0000 0
 27.0000  16.0000 0
 47.0000  10.0000 0
 29.0000  25.0000 0
 47.0000  10.0000 0
 35.0000  19.0000 0
 19.0000  25.0000 0
 30.0000  25.0000 0
 39.0000   3.0000 0
 18.0000  25.0000 0
 37.0000  16.0000 0
 20.0000  15.0000 0
 46.0000  13.0000 0
 27.0000  16.0000 0
 33.0000   9.0000 0
 22.0000  16.0000 0
 24.0000  17.0000 0
 15.0000  20.0000 0
 40.0000   3.0000 0
 21.0000  25.0000 0
 43.0000  16.0000 0
 39.0000  17.0000 0
 32.0000  47.0000 1
 43.0000  34.0000 1
 24.0000  37.0000 1
 23.0000  39.0000 1
 31.0000  33.0000 1
 34.0000  34.0000 1
 39.0000  25.0000 1
 38.0000  26.0000 1
 33.0000  34.0000 1
 33.0000  46.0000 1
 45.0000  29.0000 1
 25.0000  35.0000 1
 37.0000  34.0000 1
 33.0000  46.0000 1
 27.0000  34.0000 1
 39.0000  25.0000 1
 35.0000  45.0000 1
 24.0000  36.0000 1
 24.0000  36.0000 1
 45.0000  32.0000 1
 40.0000  25.0000 1
 37.0000  38.0000 1
 44.0000  33.0000 1
 41.0000  35.0000 1
 35.0000  28.0000 1
 38.0000  34.0000 1
 29.0000  47.0000 1
 45.0000  31.0000 1
 40.0000  25.0000 1
 30.0000  33.0000 1
 27.0000  34.0000 1
 44.0000  32.0000 1
 38.0000  25.0000 1
 45.0000  30.0000 1
 36.0000  27.0000 1
 23.0000  40.0000 1
 36.0000  37.0000 1
 36.0000  33.0000 1
 26.0000  46.0000 1
 44.0000  33.0000 1
