52.0000  85.0000   2.6900 1
54.0000  84.0000   2.6400 1
51.0000  76.0000   2.5200 1
48.0000  72.0000   2.4600 1
48.0000  80.0000   2.7100 1
54.0000  84.0000   2.7100 1
51.0000  84.0000   2.3200 1
50.0000  89.0000   2.6100 1
48.0000  85.0000   2.6800 1
52.0000  84.0000   2.7000 1
49.0000  79.0000   2.6600 1
51.0000  87.0000   2.4400 1
53.0000  84.0000   2.4700 1
50.0000  70.0000   2.4900 1
55.0000  85.0000   2.4700 1
51.0000  73.0000   2.3200 1
47.0000  77.0000   2.6800 1
48.0000  87.0000   2.7200 1
51.0000  85.0000   2.6300 1
50.0000  88.0000   2.7500 1
52.0000  71.0000   2.3600 1
52.0000  74.0000   2.6900 1
49.0000  89.0000   2.4700 1
53.0000  81.0000   2.7600 1
51.0000  77.0000   2.6400 1
26.0000  70.0000   3.6200 2
28.0000  74.0000   3.7400 2
25.0000  70.0000   3.3100 2
30.0000  87.0000   3.8000 2
27.0000  82.0000   3.7500 2
30.0000  80.0000   3.7100 2
32.0000  86.0000   3.6800 2
25.0000  71.0000   3.5700 2
29.0000  90.0000   3.3200 2
25.0000  81.0000   3.6600 2
25.0000  82.0000   3.7200 2
32.0000  78.0000   3.7500 2
27.0000  78.0000   3.6600 2
32.0000  90.0000   3.3000 2
28.0000  82.0000   3.3100 2
28.0000  81.0000   3.5600 2
29.0000  80.0000   3.7000 2
25.0000  82.0000   3.7600 2
28.0000  71.0000   3.4300 2
33.0000  84.0000   3.6000 2
25.0000  72.0000   3.6500 2
31.0000  72.0000   3.7700 2
28.0000  75.0000   3.6000 2
25.0000  87.0000   3.6800 2
26.0000  85.0000   3.3400 2
49.0000  17.0000   3.6400 3
55.0000  23.0000   3.4500 3
51.0000  12.0000   3.6500 3
53.0000  22.0000   3.6900 3
53.0000  11.0000   3.6500 3
49.0000  11.0000   3.5900 3
52.0000  12.0000   3.5400 3
54.0000  24.0000   3.6300 3
47.0000  20.0000   3.7300 3
54.0000  22.0000   3.6700 3
55.0000  16.0000   3.4100 3
52.0000  12.0000   3.4500 3
52.0000  25.0000   3.7400 3
49.0000  21.0000   3.5500 3
51.0000  11.0000   3.6200 3
50.0000  29.0000   3.4600 3
48.0000  26.0000   3.4700 3
47.0000  17.0000   3.6100 3
50.0000  19.0000   3.7700 3
47.0000  26.0000   3.5900 3
52.0000  20.0000   3.6200 3
49.0000  29.0000   3.7500 3
52.0000  25.0000   3.7700 3
49.0000  13.0000   3.6300 3
51.0000  23.0000   3.3400 3
31.0000  14.0000   2.7500 4
29.0000  22.0000   2.5500 4
25.0000  17.0000   2.6800 4
30.0000  16.0000   2.7300 4
33.0000  22.0000   2.7700 4
30.0000  26.0000   2.6800 4
31.0000  22.0000   2.4000 4
30.0000  20.0000   2.7500 4
29.0000  19.0000   2.6600 4
28.0000  15.0000   2.3600 4
26.0000  20.0000   2.7200 4
27.0000  14.0000   2.4900 4
33.0000  29.0000   2.3700 4
27.0000  22.0000   2.3800 4
30.0000  27.0000   2.3600 4
32.0000  26.0000   2.3500 4
31.0000  16.0000   2.3400 4
32.0000  13.0000   2.7600 4
27.0000  28.0000   2.3600 4
29.0000  15.0000   2.3800 4
27.0000  24.0000   2.4700 4
26.0000  14.0000   2.6100 4
31.0000  27.0000   2.4500 4
27.0000  15.0000   2.4700 4
28.0000  28.0000   2.3800 4
