60.0000  90.0000 706.0000 1
51.0000  85.0000 831.0000 1
60.0000  78.0000 777.0000 1
54.0000  82.0000 822.0000 1
57.0000  77.0000 717.0000 1
57.0000  72.0000 728.0000 1
56.0000  80.0000 723.0000 1
55.0000  88.0000 746.0000 1
58.0000  71.0000 787.0000 1
59.0000  83.0000 730.0000 1
56.0000  85.0000 808.0000 1
50.0000  75.0000 730.0000 1
57.0000  73.0000 790.0000 1
53.0000  85.0000 849.0000 1
59.0000  79.0000 742.0000 1
53.0000  71.0000 836.0000 1
53.0000  73.0000 740.0000 1
58.0000  80.0000 824.0000 1
58.0000  82.0000 777.0000 1
59.0000  80.0000 760.0000 1
53.0000  75.0000 843.0000 1
56.0000  70.0000 795.0000 1
51.0000  85.0000 716.0000 1
57.0000  81.0000 748.0000 1
58.0000  78.0000 782.0000 1
54.0000  71.0000 827.0000 1
60.0000  89.0000 837.0000 1
57.0000  89.0000 827.0000 1
59.0000  76.0000 717.0000 1
50.0000  78.0000 792.0000 1
57.0000  85.0000 714.0000 1
52.0000  86.0000 730.0000 1
56.0000  87.0000 824.0000 1
70.0000  30.0000 613.0000 2
77.0000  26.0000 649.0000 2
71.0000  23.0000 622.0000 2
72.0000  26.0000 610.0000 2
79.0000  30.0000 644.0000 2
84.0000  29.0000 645.0000 2
90.0000  24.0000 629.0000 2
87.0000  22.0000 641.0000 2
83.0000  22.0000 627.0000 2
76.0000  26.0000 641.0000 2
73.0000  28.0000 615.0000 2
79.0000  30.0000 640.0000 2
77.0000  21.0000 644.0000 2
90.0000  21.0000 627.0000 2
78.0000  23.0000 636.0000 2
88.0000  20.0000 637.0000 2
73.0000  27.0000 624.0000 2
86.0000  24.0000 623.0000 2
88.0000  20.0000 633.0000 2
70.0000  22.0000 642.0000 2
84.0000  22.0000 606.0000 2
90.0000  26.0000 625.0000 2
71.0000  29.0000 631.0000 2
74.0000  30.0000 634.0000 2
85.0000  27.0000 615.0000 2
78.0000  29.0000 603.0000 2
81.0000  24.0000 603.0000 2
75.0000  26.0000 643.0000 2
78.0000  23.0000 640.0000 2
74.0000  25.0000 601.0000 2
83.0000  30.0000 632.0000 2
79.0000  28.0000 631.0000 2
76.0000  27.0000 640.0000 2
73.0000  23.0000 650.0000 2
32.0000  50.0000 542.0000 3
36.0000  41.0000 516.0000 3
27.0000  48.0000 501.0000 3
23.0000  50.0000 517.0000 3
38.0000  48.0000 522.0000 3
24.0000  51.0000 545.0000 3
24.0000  50.0000 528.0000 3
30.0000  48.0000 503.0000 3
23.0000  57.0000 542.0000 3
29.0000  59.0000 528.0000 3
23.0000  52.0000 526.0000 3
25.0000  54.0000 533.0000 3
39.0000  58.0000 510.0000 3
24.0000  57.0000 508.0000 3
36.0000  48.0000 519.0000 3
25.0000  43.0000 508.0000 3
27.0000  56.0000 536.0000 3
25.0000  60.0000 530.0000 3
36.0000  53.0000 539.0000 3
35.0000  40.0000 516.0000 3
31.0000  41.0000 523.0000 3
31.0000  55.0000 523.0000 3
28.0000  48.0000 521.0000 3
21.0000  52.0000 527.0000 3
24.0000  49.0000 539.0000 3
22.0000  44.0000 532.0000 3
27.0000  55.0000 527.0000 3
26.0000  44.0000 531.0000 3
38.0000  45.0000 539.0000 3
24.0000  40.0000 521.0000 3
26.0000  40.0000 547.0000 3
24.0000  42.0000 508.0000 3
37.0000  48.0000 529.0000 3
