-0.8861912795	-0.0332964883	-0.2511767154	0.6081764469
-0.0332964883	-0.2511767154	0.6081764469	-0.0212209175
-0.2511767154	0.6081764469	-0.0212209175	0.034830938
0.6081764469	-0.0212209175	0.034830938	0.2306686681
-0.0212209175	0.034830938	0.2306686681	-1.2576216538
0.034830938	0.2306686681	-1.2576216538	1.0817971927
0.2306686681	-1.2576216538	1.0817971927	0.51661881
-1.2576216538	1.0817971927	0.51661881	-0.1347120177
1.0817971927	0.51661881	-0.1347120177	-0.3895174654
0.51661881	-0.1347120177	-0.3895174654	0.2773752181
-0.1347120177	-0.3895174654	0.2773752181	0.0574864938
-0.3895174654	0.2773752181	0.0574864938	-0.8889576517
0.2773752181	0.0574864938	-0.8889576517	-2.0875448637
0.0574864938	-0.8889576517	-2.0875448637	-0.4876293679
-0.8889576517	-2.0875448637	-0.4876293679	0.6140652371
-2.0875448637	-0.4876293679	0.6140652371	-1.0209232357
-0.4876293679	0.6140652371	-1.0209232357	1.1267044613
0.6140652371	-1.0209232357	1.1267044613	-0.6465299317
-1.0209232357	1.1267044613	-0.6465299317	-2.2831919721
1.1267044613	-0.6465299317	-2.2831919721	0.7641088637
-0.6465299317	-2.2831919721	0.7641088637	-0.2028222481
-2.2831919721	0.7641088637	-0.2028222481	1.2439792887
0.7641088637	-0.2028222481	1.2439792887	1.3301886898
-0.2028222481	1.2439792887	1.3301886898	0.1569234604
1.2439792887	1.3301886898	0.1569234604	1.1062113508
1.3301886898	0.1569234604	1.1062113508	-0.0269262261
0.1569234604	1.1062113508	-0.0269262261	0.5810024923
1.1062113508	-0.0269262261	0.5810024923	0.4809216819
-0.0269262261	0.5810024923	0.4809216819	0.1158473969
0.5810024923	0.4809216819	0.1158473969	-0.6524484417
0.4809216819	0.1158473969	-0.6524484417	0.60314581
0.1158473969	-0.6524484417	0.60314581	-0.1918723404
-0.6524484417	0.60314581	-0.1918723404	0.6186513274
0.60314581	-0.1918723404	0.6186513274	-0.134768161
-0.1918723404	0.6186513274	-0.134768161	0.0021699944
0.6186513274	-0.134768161	0.0021699944	0.4948083002
-0.134768161	0.0021699944	0.4948083002	0.2782688733
0.0021699944	0.4948083002	0.2782688733	-0.7378510507
0.4948083002	0.2782688733	-0.7378510507	1.5267701292
0.2782688733	-0.7378510507	1.5267701292	-0.0053351014
-0.7378510507	1.5267701292	-0.0053351014	0.1718407895
1.5267701292	-0.0053351014	0.1718407895	0.053808942
-0.0053351014	0.1718407895	0.053808942	-0.0463246247
0.1718407895	0.053808942	-0.0463246247	-0.5082138952
0.053808942	-0.0463246247	-0.5082138952	0.0305170724
-0.0463246247	-0.5082138952	0.0305170724	-1.1701094943
-0.5082138952	0.0305170724	-1.1701094943	-0.2821777731
0.0305170724	-1.1701094943	-0.2821777731	0.9613634535
-1.1701094943	-0.2821777731	0.9613634535	0.7219618963
-0.2821777731	0.9613634535	0.7219618963	-0.6131649085
0.9613634535	0.7219618963	-0.6131649085	0.6040504672
0.7219618963	-0.6131649085	0.6040504672	-0.2932671284
-0.6131649085	0.6040504672	-0.2932671284	-0.4864710211
0.6040504672	-0.2932671284	-0.4864710211	0.4403939971
-0.2932671284	-0.4864710211	0.4403939971	-0.7000319484
-0.4864710211	0.4403939971	-0.7000319484	-0.1900084147
0.4403939971	-0.7000319484	-0.1900084147	0.4640221855
-0.7000319484	-0.1900084147	0.4640221855	0.7924102367
-0.1900084147	0.4640221855	0.7924102367	0.703934875
0.4640221855	0.7924102367	0.703934875	0.2853326373
0.7924102367	0.703934875	0.2853326373	-0.1126449824
0.703934875	0.2853326373	-0.1126449824	-1.2537288155
0.2853326373	-0.1126449824	-1.2537288155	-1.0750112523
-0.1126449824	-1.2537288155	-1.0750112523	0.3750553838
-1.2537288155	-1.0750112523	0.3750553838	1.0918212826
-1.0750112523	0.3750553838	1.0918212826	-2.0884795731
0.3750553838	1.0918212826	-2.0884795731	-0.9486773855
1.0918212826	-2.0884795731	-0.9486773855	0.8217286257
-2.0884795731	-0.9486773855	0.8217286257	0.6757307729
-0.9486773855	0.8217286257	0.6757307729	1.0488491036
0.8217286257	0.6757307729	1.0488491036	0.1363852914
0.6757307729	1.0488491036	0.1363852914	0.3775123517
1.0488491036	0.1363852914	0.3775123517	0.4092138928
0.1363852914	0.3775123517	0.4092138928	-0.2213313767
0.3775123517	0.4092138928	-0.2213313767	0.1716960192
0.4092138928	-0.2213313767	0.1716960192	-0.8096391013
-0.2213313767	0.1716960192	-0.8096391013	0.3236036236
0.1716960192	-0.8096391013	0.3236036236	0.4760756885
-0.8096391013	0.3236036236	0.4760756885	0.2992016915
0.3236036236	0.4760756885	0.2992016915	-0.0143261237
0.4760756885	0.2992016915	-0.0143261237	-0.1348445026
0.2992016915	-0.0143261237	-0.1348445026	0.1871215844
-0.0143261237	-0.1348445026	0.1871215844	-0.8988391909
-0.1348445026	0.1871215844	-0.8988391909	0.5616468294
0.1871215844	-0.8988391909	0.5616468294	-0.1373624916
-0.8988391909	0.5616468294	-0.1373624916	0.1519476119
0.5616468294	-0.1373624916	0.1519476119	0.9672737635
-0.1373624916	0.1519476119	0.9672737635	0.0421757831
0.1519476119	0.9672737635	0.0421757831	-0.4701005154
0.9672737635	0.0421757831	-0.4701005154	-0.9361806658
0.0421757831	-0.4701005154	-0.9361806658	0.3746964797
-0.4701005154	-0.9361806658	0.3746964797	0.384478665
-0.9361806658	0.3746964797	0.384478665	-0.6498398098
0.3746964797	0.384478665	-0.6498398098	0.8116098822
0.384478665	-0.6498398098	0.8116098822	0.2362229907
-0.6498398098	0.8116098822	0.2362229907	0.4248391824
0.8116098822	0.2362229907	0.4248391824	0.5987805942
0.2362229907	0.4248391824	0.5987805942	-0.1114071772
0.4248391824	0.5987805942	-0.1114071772	0.5367110266
0.5987805942	-0.1114071772	0.5367110266	0.1843677936
-0.1114071772	0.5367110266	0.1843677936	0.0727826406
0.5367110266	0.1843677936	0.0727826406	-0.0379216825
0.1843677936	0.0727826406	-0.0379216825	0.1891663732
0.0727826406	-0.0379216825	0.1891663732	0.6525279565
-0.0379216825	0.1891663732	0.6525279565	0.462775846
0.1891663732	0.6525279565	0.462775846	0.0938771676
0.6525279565	0.462775846	0.0938771676	-0.0245983895
0.462775846	0.0938771676	-0.0245983895	-0.353704082
0.0938771676	-0.0245983895	-0.353704082	-0.7088893864
-0.0245983895	-0.353704082	-0.7088893864	0.3134561785
-0.353704082	-0.7088893864	0.3134561785	0.0836705113
-0.7088893864	0.3134561785	0.0836705113	0.2172569093
0.3134561785	0.0836705113	0.2172569093	0.7718881187
0.0836705113	0.2172569093	0.7718881187	0.1277478577
0.2172569093	0.7718881187	0.1277478577	0.1730058503
0.7718881187	0.1277478577	0.1730058503	-0.0132464198
0.1277478577	0.1730058503	-0.0132464198	-0.6435310681
0.1730058503	-0.0132464198	-0.6435310681	0.4897511307
-0.0132464198	-0.6435310681	0.4897511307	-0.1178883694
-0.6435310681	0.4897511307	-0.1178883694	0.1910868505
0.4897511307	-0.1178883694	0.1910868505	-0.0372256963
-0.1178883694	0.1910868505	-0.0372256963	0.6677770534
0.1910868505	-0.0372256963	0.6677770534	0.0658813084
-0.0372256963	0.6677770534	0.0658813084	0.547950797
0.6677770534	0.0658813084	0.547950797	-0.3923521855
0.0658813084	0.547950797	-0.3923521855	-0.7048801775
0.547950797	-0.3923521855	-0.7048801775	0.464426783
-0.3923521855	-0.7048801775	0.464426783	-0.41310717
-0.7048801775	0.464426783	-0.41310717	0.1470922451
0.464426783	-0.41310717	0.1470922451	0.4843553348
-0.41310717	0.1470922451	0.4843553348	-0.1932096023
0.1470922451	0.4843553348	-0.1932096023	0.4201084934
0.4843553348	-0.1932096023	0.4201084934	-1.1834026373
-0.1932096023	0.4201084934	-1.1834026373	1.0264935781
0.4201084934	-1.1834026373	1.0264935781	-0.2320250562
-1.1834026373	1.0264935781	-0.2320250562	0.5016149924
1.0264935781	-0.2320250562	0.5016149924	0.1754438274
-0.2320250562	0.5016149924	0.1754438274	0.0488155568
0.5016149924	0.1754438274	0.0488155568	-0.4849150443
0.1754438274	0.0488155568	-0.4849150443	0.0288154721
0.0488155568	-0.4849150443	0.0288154721	-0.4527786936
-0.4849150443	0.0288154721	-0.4527786936	0.0060912715
0.0288154721	-0.4527786936	0.0060912715	-1.9999240169
-0.4527786936	0.0060912715	-1.9999240169	-0.285912138
0.0060912715	-1.9999240169	-0.285912138	0.7189032453
-1.9999240169	-0.285912138	0.7189032453	-0.9685469805
-0.285912138	0.7189032453	-0.9685469805	0.0015638394
0.7189032453	-0.9685469805	0.0015638394	-0.5556620035
-0.9685469805	0.0015638394	-0.5556620035	1.1531402684
0.0015638394	-0.5556620035	1.1531402684	0.2759425185
-0.5556620035	1.1531402684	0.2759425185	-0.1636641641
1.1531402684	0.2759425185	-0.1636641641	0.6707160181
0.2759425185	-0.1636641641	0.6707160181	0.4345814049
-0.1636641641	0.6707160181	0.4345814049	-0.0061372864
0.6707160181	0.4345814049	-0.0061372864	0.8531671916
0.4345814049	-0.0061372864	0.8531671916	0.5000652241
-0.0061372864	0.8531671916	0.5000652241	0.2477812908
0.8531671916	0.5000652241	0.2477812908	0.294988949
0.5000652241	0.2477812908	0.294988949	-0.1992587225
0.2477812908	0.294988949	-0.1992587225	0.4787779061
0.294988949	-0.1992587225	0.4787779061	0.1051081101
-0.1992587225	0.4787779061	0.1051081101	0.0049987
0.4787779061	0.1051081101	0.0049987	-0.168990111
0.1051081101	0.0049987	-0.168990111	0.3320414793
0.0049987	-0.168990111	0.3320414793	-0.054406625
-0.168990111	0.3320414793	-0.054406625	-0.0779140768
0.3320414793	-0.054406625	-0.0779140768	-0.1534421131
-0.054406625	-0.0779140768	-0.1534421131	0.5035885605
-0.0779140768	-0.1534421131	0.5035885605	-0.3073114205
-0.1534421131	0.5035885605	-0.3073114205	-0.6545009215
0.5035885605	-0.3073114205	-0.6545009215	0.3646074418
-0.3073114205	-0.6545009215	0.3646074418	0.0881905532
-0.6545009215	0.3646074418	0.0881905532	-0.5962558408
0.3646074418	0.0881905532	-0.5962558408	-0.0710151381
0.0881905532	-0.5962558408	-0.0710151381	0.7484376005
-0.5962558408	-0.0710151381	0.7484376005	0.1295643791
-0.0710151381	0.7484376005	0.1295643791	0.4891180056
0.7484376005	0.1295643791	0.4891180056	-0.0477269612
0.1295643791	0.4891180056	-0.0477269612	-0.8013323124
0.4891180056	-0.0477269612	-0.8013323124	-0.5776501299
-0.0477269612	-0.8013323124	-0.5776501299	0.7832491335
-0.8013323124	-0.5776501299	0.7832491335	-1.6168772561
-0.5776501299	0.7832491335	-1.6168772561	0.8575824946
0.7832491335	-1.6168772561	0.8575824946	-0.2546802361
-1.6168772561	0.8575824946	-0.2546802361	-0.2785928741
0.8575824946	-0.2546802361	-0.2785928741	-1.3248561055
-0.2546802361	-0.2785928741	-1.3248561055	0.0005143462
-0.2785928741	-1.3248561055	0.0005143462	1.1165509441
-1.3248561055	0.0005143462	1.1165509441	-0.1565159796
0.0005143462	1.1165509441	-0.1565159796	-1.5126052675
1.1165509441	-0.1565159796	-1.5126052675	1.746165026
-0.1565159796	-1.5126052675	1.746165026	-2.0661415158
-1.5126052675	1.746165026	-2.0661415158	-1.145101231
1.746165026	-2.0661415158	-1.145101231	-1.6467929741
-2.0661415158	-1.145101231	-1.6467929741	0.1578864811
-1.145101231	-1.6467929741	0.1578864811	-0.8100314958
-1.6467929741	0.1578864811	-0.8100314958	0.014497796
0.1578864811	-0.8100314958	0.014497796	1.2884107384
-0.8100314958	0.014497796	1.2884107384	0.9142657205
0.014497796	1.2884107384	0.9142657205	1.9574486901
1.2884107384	0.9142657205	1.9574486901	-0.729933023
0.9142657205	1.9574486901	-0.729933023	1.2303377173
1.9574486901	-0.729933023	1.2303377173	0.7053449514
-0.729933023	1.2303377173	0.7053449514	-0.1501568308
1.2303377173	0.7053449514	-0.1501568308	1.1939073087
0.7053449514	-0.1501568308	1.1939073087	-0.1385355498
-0.1501568308	1.1939073087	-0.1385355498	0.6230123944
1.1939073087	-0.1385355498	0.6230123944	1.1731393838
-0.1385355498	0.6230123944	1.1731393838	-0.0118921728
0.6230123944	1.1731393838	-0.0118921728	-0.2829841676
1.1731393838	-0.0118921728	-0.2829841676	0.5700497061
-0.0118921728	-0.2829841676	0.5700497061	0.3775513179
-0.2829841676	0.5700497061	0.3775513179	0.0349586214
0.5700497061	0.3775513179	0.0349586214	0.3120184782
0.3775513179	0.0349586214	0.3120184782	0.0696694236
0.0349586214	0.3120184782	0.0696694236	-0.0701116823
0.3120184782	0.0696694236	-0.0701116823	0.052984472
0.0696694236	-0.0701116823	0.052984472	0.0240270094
-0.0701116823	0.052984472	0.0240270094	0.0735359022
0.052984472	0.0240270094	0.0735359022	0.5133983539
0.0240270094	0.0735359022	0.5133983539	-0.1501158947
0.0735359022	0.5133983539	-0.1501158947	0.1967096068
0.5133983539	-0.1501158947	0.1967096068	0.523687736
-0.1501158947	0.1967096068	0.523687736	0.2864023261
0.1967096068	0.523687736	0.2864023261	-0.1150029768
0.523687736	0.2864023261	-0.1150029768	0.2805981973
0.2864023261	-0.1150029768	0.2805981973	-0.2542426924
-0.1150029768	0.2805981973	-0.2542426924	-0.6829362919
0.2805981973	-0.2542426924	-0.6829362919	0.638446138
-0.2542426924	-0.6829362919	0.638446138	0.3764742598
-0.6829362919	0.638446138	0.3764742598	-0.1161896087
0.638446138	0.3764742598	-0.1161896087	0.1665216384
0.3764742598	-0.1161896087	0.1665216384	-0.7256564926
-0.1161896087	0.1665216384	-0.7256564926	-0.0237823913
0.1665216384	-0.7256564926	-0.0237823913	-1.6350968477
-0.7256564926	-0.0237823913	-1.6350968477	0.4535689011
-0.0237823913	-1.6350968477	0.4535689011	-1.6213587336
-1.6350968477	0.4535689011	-1.6213587336	-0.6342586526
0.4535689011	-1.6213587336	-0.6342586526	-0.8489023063
-1.6213587336	-0.6342586526	-0.8489023063	2.0352416032
-0.6342586526	-0.8489023063	2.0352416032	2.4015204328
-0.8489023063	2.0352416032	2.4015204328	0.4570048996
2.0352416032	2.4015204328	0.4570048996	0.3810464044
2.4015204328	0.4570048996	0.3810464044	0.1746361837
0.4570048996	0.3810464044	0.1746361837	-0.0139296508
0.3810464044	0.1746361837	-0.0139296508	0.3309574705
0.1746361837	-0.0139296508	0.3309574705	0.0861774146
-0.0139296508	0.3309574705	0.0861774146	-0.4888604384
0.3309574705	0.0861774146	-0.4888604384	-1.0310858745